0,1,2,3,4,5
,,,,,
,,,,,
,,,,,
,,"F
Juni","e
o","e
r",
